1
6
8
9
12
13
14
18
21
22
23
24
25
27
28
30
32
33
34
35
36
38
40
51
52
53
54
55
56
57
58
59
60
61
62
63
64
66
67
68
69
71
72
73
74
75
76
77
78
80
81
82
84
85
87
88
89
90
91
93
94
95
96
97
98
99
101
103
104
105
106
107
108
109
110
111
112
114
116
117
118
119
120
121
122
124
125
126
127
128
226
232
259
439
440
631
632
649
664
689
712
729

2
3
4
5
7
10
15
16
17
20
26
31
37
39
41
43
44
45
46
47
48
49
50
70
83
86
92
100
102
305
309
315
320
326
327
328
331
334
340
344
345
351
355
360
362
365
370
371
375
376
380
382
391
392
393
395
398
403
404
408
421
424
433
436
441
519
528
591
688

11
19
29
113
115
169
278
301
316
317
321
324
325
338
341
357
369
372
377
381
383
384
386
388
389
396
400
402
405
419
422
423
425
426
429
431
435
444
451
460
464
467
468
476
477
479
482
489
494
524
543
625
745
810
811

42
129
130
131
132
133
134
137
139
140
141
142
143
144
145
147
148
149
150
151
152
153
154
156
159
160
161
162
163
164
166
167
168
170
171
172
173
174
175
177
180
181
182
183
184
185
186
187
188
189
190
191
192
194
195
196
198
200
201
203
204
206
207
210
211
212
213
214
215
216
217
218
219
221
223
224
225
227
228
229
230
231
233
235
236
239
243
244
246
247
249
251
252
253
256
257
261
263
264
265
266
268
269
270
271
272
273
274
276
280
281
282
283
284
285
286
288
289
291
292
294
299
302
303
307
310
311
312
313
314
319
322
330
332
333
335
336
342
343
348
349
352
356
359
361
364
366
367
368
373
378
379
385
387
390
399
407
409
410
411
412
414
415
418
420
427
428
430
432
434
437
446
447
448
449
452
453
455
456
457
458
459
461
462
463
465
469
471
474
478
484
488
496
510
511
521
527
549
550
551
552
560
561
562
566
570
618
620
623
628
630
634
641
645
647
648
650
655
656
666
672
679
686
690
691
692
693
694
711
714
716
717
728
742
746
747
750
758
762
765
768
769
772
773
775
776
777
778
779
782
783
785
787
788
789
790
808
863
873
875
892
899
901
902
904
906
1014
1067
1079
1092

65
79
358
394
671
872

123
485
520
523
526
530
531
532
536
537
538
539
540
541
544
545
546
547
548
553
554
555
556
557
558
559
563
564
565
567
568
569
572
577
579
580
587
590
592
593
594
595
596
627
635
680
683
702
704
705
706
709
718
719
720
722
723
724
726
727
738
814
836
900
908
913
914
916
918
919
920
922
924
926
927
928
930
933
936
938
946
950
966
974
984
986
989
992
994
1000
1008
1017
1022
1049
1061
1064
1065
1070
1073
1074

135
136
138
146
155
158
165
179
197
199
202
242
617
813
817
818
819
820
821
822
824
825
826
828
829
830
832
833
834
835
837
838
843
844
847
850
851
857
858
859
862
864
866
867
868
870
874
876
879
881
882
889
891
893
905
909
943
944
988
1006
1009
1013
1016
1023
1025
1027
1028
1030
1031
1033
1039
1040
1041
1042
1043
1045
1046
1047
1048
1052
1053
1054
1055
1056
1058
1062
1063
1066
1068
1069
1071
1072
1075
1077
1078
1080
1081
1082
1083
1084
1085
1086
1087
1088
1089
1090
1091
1093

157
176
267
486
740
761
763
878
1015

178
208
237
238
277
287
290
293
298
318
323
329
354
374
417
518
522
525
585
660
669
678
699
707
708
710
852
865
917
921
925
929
940

193
205
209
220
222
234
470
475

240
241
245
248
250
254
255
258
260
275
279
295
297
300
306
339
346
347
350
353
363
406
413
416
438
442
454
472
473
481
483
487
490
491
492
493
495
497
498
499
500
501
502
503
504
505
506
507
508
509
512
514
515
516
517
652
715
721
725
749
753
809
816
883

262
296
304
308
337
397
401
443
445
450
466
480
513
533
534
597
624
638
642
651
653
654
657
658
659
661
662
663
665
667
668
670
673
674
675
676
677
681
682
684
685
695
696
697
698
701
703
713
734
793

529

535
542
571
573
574
575
576
578
581
582
583
584
586
588
589
598
599
600
601
602
603
604
605
606
607
608
609
610
611
612
613
614
615
616
619
621
622
626
629
633
636
637
639
640
643
644
687
736
737
739
741
743
748
792
796
827
854
860
1034
1036
1076

646
798
815
831
839
840
841
842
848
849
877
880
885
886
887
888
894
896
897
907
910
911
912
915
932
934
935
937
939
941
942
948
954
955
956
957
959
968
969
970
971
973
976
978
981
985
987
1001
1004
1010
1018
1021
1026
1059
1060

700
730
731
732
733
735
744
752
754
755
756
757
759
760
764
766
767
770
771
774
780
786
791
795
797
802
803
804
805
806
807
855
856
869
884
945
947
949
951
952
953
958
961
962
963
964
965
967
972
975
977
979
980
982
983
990
993
1051

751
781
794
799
801
812
823
846
861
903
923
996
997
1002
1029
1032
1044
1050
1057

784
800
871

845
853
890
895
898
931
960
991
1024

995
998
999
1003
1005
1007
1011
1012
1019
1020
1035
1037
1038

