0 8
1 8
2 30
3 93
4 73
5 80
6 22
7 0
8 36
9 38
10 33
11 8
12 95
13 38
14 8
15 80
16 32
17 8
18 83
19 22
20 62
21 34
22 38
23 64
24 96
25 59
26 37
27 64
28 34
29 4
30 73
31 38
32 23
33 16
34 42
35 28
36 81
37 96
38 71
39 33
40 72
41 96
42 75
43 34
44 31
45 27
46 81
47 22
48 37
49 61
50 6
51 79
52 46
53 39
54 50
55 63
56 53
57 80
58 39
59 22
60 96
61 43
62 49
63 39
64 26
65 27
66 4
67 38
68 34
69 98
70 102
71 73
72 38
73 102
74 4
75 65
76 77
77 51
78 76
79 58
80 86
81 57
82 36
83 96
84 18
85 30
86 86
87 80
88 88
89 31
90 89
91 30
92 82
93 12
94 3
95 99
96 12
97 37
98 26
99 69
100 66
101 59
102 41
103 73
104 38
105 96
