1
21
54
55
104
130
131
146
149
183
217
219
223
233
249
256
278
292
301
311
314
346
361
363
371
375
393
405
411
450
455
456
460
475
482
502
503
543
549
554
561
563
581
591
599
681
684
687
712
734
760
771
814
820
823
839
840
858
860
905
908
945
958
1013
1017
1026
1029
1041
1042
1053
1062
1064

2
73
88
89
97
119
124
126
142
161
166
182
209
213
218
231
232
235
241
254
258
259
260
299
307
310
336
338
352
359
407
409
413
418
420
428
430
469
473
476
477
485
494
505
510
512
527
529
530
544
558
586
587
589
590
593
614
634
659
661
676
677
678
688
699
738
757
773
805
817
846
862
864
869
880
887
890
901
914
918
923
951
965
976
979
981
988
990
993
1025
1031
1059
1076
1092

3
11
18
23
31
32
33
45
46
47
53
62
64
71
78
80
103
107
112
120
123
129
141
144
162
164
181
188
191
192
222
224
225
239
246
247
251
272
276
279
283
285
295
302
313
315
320
324
326
329
334
350
353
354
386
387
391
396
404
419
426
434
438
442
449
461
463
465
466
470
504
513
519
528
546
547
550
567
569
578
582
598
602
604
605
607
611
613
618
638
642
655
656
662
663
667
668
682
685
708
721
725
750
751
762
778
779
780
781
785
786
797
810
816
822
824
837
850
851
871
877
882
884
894
899
906
909
910
915
916
925
932
933
935
937
954
955
959
973
975
978
982
986
995
998
1000
1008
1009
1019
1020
1022
1048
1051
1065
1074
1082
1084
1090

4
5
44
56
57
116
122
159
178
194
210
236
242
245
250
255
263
281
282
286
298
316
365
370
379
384
385
388
402
425
441
507
508
517
524
548
564
565
594
600
601
617
627
629
647
691
696
703
705
706
711
718
742
827
832
838
878
881
895
898
911
912
927
938
963
1043
1069
1095

6
8
9
75
94
98
121
168
174
190
206
226
230
266
269
323
335
369
390
399
423
424
436
483
492
506
511
516
518
538
539
588
609
650
652
660
669
671
692
698
726
741
744
748
767
789
825
828
848
849
883
907
941
947
949
950
974
989
1038
1040
1054
1083
1089
1094

7
20
26
50
65
67
77
83
86
87
90
95
105
138
157
179
208
214
267
273
277
280
290
291
294
317
318
339
342
347
374
377
421
422
429
432
433
447
452
471
474
486
496
526
537
540
592
615
616
631
648
670
674
693
694
701
713
763
770
774
791
794
801
804
806
859
891
919
920
952
977
980
1002
1010
1014
1034
1036
1044
1050
1068
1071
1075
1077
1078

10
14
16
40
66
79
96
101
106
118
125
135
136
143
150
152
240
243
244
271
297
304
308
319
321
322
325
330
333
355
360
376
380
394
410
412
415
427
443
445
479
489
490
514
534
551
552
553
580
585
597
623
639
643
666
672
716
719
722
732
733
799
812
847
857
863
870
874
956
957
961
967
987
1007
1055
1058
1060
1070
1072
1073
1087

12
27
36
39
41
81
114
127
133
134
167
169
173
186
211
212
220
227
234
257
264
268
288
305
309
340
344
382
383
403
444
446
472
500
501
562
571
573
576
595
596
603
620
625
630
635
653
658
675
680
683
709
714
715
728
765
768
793
802
803
815
831
835
841
842
844
873
893
900
931
946
953
960
962
992
999
1018
1021
1046
1047
1061
1066
1080
1091

13
30
42
58
59
74
84
108
117
140
147
151
163
170
177
184
185
189
221
274
293
300
303
306
312
331
341
345
351
362
366
367
368
373
378
397
401
417
431
458
462
497
515
522
525
531
532
535
542
557
568
570
579
606
608
610
632
633
644
665
673
679
697
729
761
776
777
784
787
788
790
800
834
836
854
855
856
861
866
896
897
903
913
917
929
936
939
968
969
1003
1005
1006
1023
1032
1035
1037
1081
1093

15
17
37
43
100
102
137
139
148
160
165
172
198
199
200
237
238
261
270
332
435
487
495
498
499
536
541
545
559
572
577
612
621
622
624
626
628
637
640
646
649
651
686
689
720
723
730
731
745
752
754
755
769
775
798
813
833
843
888
889
930
934
948
964
984
1027
1028
1057
1085
1088

19
24
25
34
35
51
60
69
70
92
93
99
109
110
115
128
153
155
156
158
171
180
193
197
202
205
215
216
228
252
253
337
348
356
357
358
364
392
408
448
453
454
457
467
468
481
488
509
521
533
555
556
560
574
575
619
636
702
704
717
739
743
749
753
756
758
759
764
766
772
782
809
811
821
826
829
830
845
852
853
865
872
885
886
892
921
926
928
940
943
944
972
983
991
1024
1030
1033
1039
1049
1052
1067
1079

22
28
38
52
61
63
68
72
76
91
111
113
132
145
175
195
196
204
207
229
248
262
275
284
289
296
327
328
372
381
389
395
398
400
414
437
439
440
451
459
478
484
491
493
566
641
654
657
664
700
707
710
724
727
735
736
737
795
807
818
819
867
868
875
902
904
922
924
942
985
996
997
1001
1004
1015
1016
1045
1086

29
48
49
82
85
154
176
187
201
203
265
287
343
349
406
416
464
480
520
523
583
584
645
690
695
740
746
747
783
792
796
808
876
879
966
970
971
994
1011
1012
1056
1063

