1
21
54
55
104
130
131
146
149
183
217
219
223
233
249
256
278
292
301
311
314
346
361
363
371
375
393
405
411
450
455
456
460
475
482
502
503
543
549
554
561
563
581
591
599
681
684
687
712
734
760
771
814
820
823
839
840
858
860
905
908
945
958
1013
1017
1026
1029
1041
1042
1053
1062
1064

2
73
97
119
124
209
231
235
299
307
336
338
413
418
420
428
469
473
494
505
510
512
527
529
530
558
586
589
593
634
659
661
738
757
773
805
817
846
862
864
869
880
914
918
923
951
965
979
988
1059

3
31
47
141
162
181
188
279
295
302
313
315
404
426
449
528
550
618
667
668
750
785
916
932
935
937
959
975
982
986
1019
1020
1048
1082

4
5
44
56
57
116
122
159
178
194
210
236
242
245
250
255
263
281
282
286
298
316
365
370
379
384
385
388
402
425
441
507
508
517
524
548
564
565
594
600
601
617
627
629
647
691
696
703
705
706
711
718
742
827
832
838
878
881
895
898
911
912
927
938
963
1043
1069
1095

6
8
9
75
94
98
121
168
174
190
206
226
230
266
269
323
335
369
390
399
423
424
436
483
492
506
511
516
518
538
539
588
609
650
652
660
669
671
692
698
726
741
744
748
767
789
825
828
848
849
883
907
941
947
949
950
974
989
1038
1040
1054
1083
1089
1094

7
20
26
50
65
67
77
83
86
87
90
95
105
138
157
179
208
214
267
273
277
280
290
291
294
317
318
339
342
347
374
377
421
422
429
432
433
447
452
471
474
486
496
526
537
540
592
615
616
631
648
670
674
693
694
701
713
763
770
774
791
794
801
804
806
859
891
919
920
952
977
980
1002
1010
1014
1034
1036
1044
1050
1068
1071
1075
1077
1078

10
16
66
79
96
135
136
150
240
243
244
297
304
308
321
325
330
333
355
360
394
410
412
415
443
445
551
552
553
580
639
643
716
719
722
732
733
799
812
863
987
1007
1055
1058
1060

11
32
33
53
64
71
80
120
123
191
192
222
239
251
276
326
350
353
386
391
396
461
463
465
466
470
513
519
546
547
578
582
605
607
613
662
663
762
779
780
786
797
810
837
851
877
884
894
973
978
1009
1022
1065
1074

12
27
41
81
114
127
167
169
173
186
211
212
220
227
234
257
305
309
573
595
596
603
625
630
635
653
658
680
683
709
714
728
802
803
841
842
873
893
953
962
999
1018
1021
1046
1080
1091

13
30
74
84
108
117
140
147
151
163
177
184
221
274
300
303
306
312
351
362
367
378
497
515
522
525
531
532
557
570
608
633
665
673
784
788
790
800
855
856
861
939
968
969
1035
1037

14
40
101
106
118
125
143
152
271
319
322
376
380
427
479
489
490
514
534
585
597
623
666
672
847
857
870
874
956
957
961
967
1070
1072
1073
1087

15
17
37
43
100
102
137
139
148
160
165
172
198
199
200
237
238
261
270
332
435
487
495
498
499
536
541
545
559
572
577
612
621
622
624
626
628
637
640
646
649
651
686
689
720
723
730
731
745
752
754
755
769
775
798
813
833
843
888
889
930
934
948
964
984
1027
1028
1057
1085
1088

18
23
45
46
62
78
103
107
112
129
144
164
224
225
246
247
272
283
285
320
324
329
334
354
387
419
434
438
442
504
567
569
598
602
604
611
638
642
655
656
682
685
708
721
725
751
778
781
816
822
824
850
871
882
899
906
909
910
915
925
933
954
955
995
998
1000
1008
1051
1084
1090

19
24
25
51
69
70
92
93
99
109
110
115
153
156
171
180
197
202
215
252
253
356
448
454
457
467
468
481
488
555
556
560
574
575
619
636
717
756
758
759
829
830
845
852
853
865
892
926
928
943
944
991
1024
1030
1033
1049

22
28
38
52
61
63
68
72
76
91
111
113
132
145
175
195
196
204
207
229
248
262
275
284
289
296
327
328
372
381
389
395
398
400
414
437
439
440
451
459
478
484
491
493
566
641
654
657
664
700
707
710
724
727
735
736
737
795
807
818
819
867
868
875
902
904
922
924
942
985
996
997
1001
1004
1015
1016
1045
1086

29
48
49
82
85
154
176
187
201
203
265
287
343
349
406
416
464
480
520
523
583
584
645
690
695
740
746
747
783
792
796
808
876
879
966
970
971
994
1011
1012
1056
1063

34
35
60
128
155
158
193
205
216
228
337
348
357
358
364
392
408
453
509
521
533
702
704
739
743
749
753
764
766
772
782
809
811
821
826
872
885
886
921
940
972
983
1039
1052
1067
1079

36
39
133
134
264
268
288
340
344
382
383
403
444
446
472
500
501
562
571
576
620
675
715
765
768
793
815
831
835
844
900
931
946
960
992
1047
1061
1066

42
58
59
170
185
189
293
331
341
345
366
368
373
397
401
417
431
458
462
535
542
568
579
606
610
632
644
679
697
729
761
776
777
787
834
836
854
866
896
897
903
913
917
929
936
1003
1005
1006
1023
1032
1081
1093

88
89
126
142
161
166
182
213
218
232
241
254
258
259
260
310
352
359
407
409
430
476
477
485
544
587
590
614
676
677
678
688
699
887
890
901
976
981
990
993
1025
1031
1076
1092

