1
3
4
5
11
18
21
23
31
32
33
44
45
46
47
53
54
55
56
57
62
64
71
78
80
103
104
107
112
116
120
122
123
129
130
131
141
144
146
149
159
162
164
178
181
183
188
191
192
194
210
217
219
222
223
224
225
233
236
239
242
245
246
247
249
250
251
255
256
263
272
276
278
279
281
282
283
285
286
292
295
298
301
302
311
313
314
315
316
320
324
326
329
334
346
350
353
354
361
363
365
370
371
375
379
384
385
386
387
388
391
393
396
402
404
405
411
419
425
426
434
438
441
442
449
450
455
456
460
461
463
465
466
470
475
482
502
503
504
507
508
513
517
519
524
528
543
546
547
548
549
550
554
561
563
564
565
567
569
578
581
582
591
594
598
599
600
601
602
604
605
607
611
613
617
618
627
629
638
642
647
655
656
662
663
667
668
681
682
684
685
687
691
696
703
705
706
708
711
712
718
721
725
734
742
750
751
760
762
771
778
779
780
781
785
786
797
810
814
816
820
822
823
824
827
832
837
838
839
840
850
851
858
860
871
877
878
881
882
884
894
895
898
899
905
906
908
909
910
911
912
915
916
925
927
932
933
935
937
938
945
954
955
958
959
963
973
975
978
982
986
995
998
1000
1008
1009
1013
1017
1019
1020
1022
1026
1029
1041
1042
1043
1048
1051
1053
1062
1064
1065
1069
1074
1082
1084
1090
1095

2
73
88
89
97
119
124
126
142
161
166
182
209
213
218
231
232
235
241
254
258
259
260
299
307
310
336
338
352
359
407
409
413
418
420
428
430
469
473
476
477
485
494
505
510
512
527
529
530
544
558
586
587
589
590
593
614
634
659
661
676
677
678
688
699
738
757
773
805
817
846
862
864
869
880
887
890
901
914
918
923
951
965
976
979
981
988
990
993
1025
1031
1059
1076
1092

6
8
9
10
14
16
40
66
75
79
94
96
98
101
106
118
121
125
135
136
143
150
152
168
174
190
206
226
230
240
243
244
266
269
271
297
304
308
319
321
322
323
325
330
333
335
355
360
369
376
380
390
394
399
410
412
415
423
424
427
436
443
445
479
483
489
490
492
506
511
514
516
518
534
538
539
551
552
553
580
585
588
597
609
623
639
643
650
652
660
666
669
671
672
692
698
716
719
722
726
732
733
741
744
748
767
789
799
812
825
828
847
848
849
857
863
870
874
883
907
941
947
949
950
956
957
961
967
974
987
989
1007
1038
1040
1054
1055
1058
1060
1070
1072
1073
1083
1087
1089
1094

7
15
17
20
26
37
43
50
65
67
77
83
86
87
90
95
100
102
105
137
138
139
148
157
160
165
172
179
198
199
200
208
214
237
238
261
267
270
273
277
280
290
291
294
317
318
332
339
342
347
374
377
421
422
429
432
433
435
447
452
471
474
486
487
495
496
498
499
526
536
537
540
541
545
559
572
577
592
612
615
616
621
622
624
626
628
631
637
640
646
648
649
651
670
674
686
689
693
694
701
713
720
723
730
731
745
752
754
755
763
769
770
774
775
791
794
798
801
804
806
813
833
843
859
888
889
891
919
920
930
934
948
952
964
977
980
984
1002
1010
1014
1027
1028
1034
1036
1044
1050
1057
1068
1071
1075
1077
1078
1085
1088

12
27
36
39
41
81
114
127
133
134
167
169
173
186
211
212
220
227
234
257
264
268
288
305
309
340
344
382
383
403
444
446
472
500
501
562
571
573
576
595
596
603
620
625
630
635
653
658
675
680
683
709
714
715
728
765
768
793
802
803
815
831
835
841
842
844
873
893
900
931
946
953
960
962
992
999
1018
1021
1046
1047
1061
1066
1080
1091

13
30
42
58
59
74
84
108
117
140
147
151
163
170
177
184
185
189
221
274
293
300
303
306
312
331
341
345
351
362
366
367
368
373
378
397
401
417
431
458
462
497
515
522
525
531
532
535
542
557
568
570
579
606
608
610
632
633
644
665
673
679
697
729
761
776
777
784
787
788
790
800
834
836
854
855
856
861
866
896
897
903
913
917
929
936
939
968
969
1003
1005
1006
1023
1032
1035
1037
1081
1093

19
24
25
34
35
51
60
69
70
92
93
99
109
110
115
128
153
155
156
158
171
180
193
197
202
205
215
216
228
252
253
337
348
356
357
358
364
392
408
448
453
454
457
467
468
481
488
509
521
533
555
556
560
574
575
619
636
702
704
717
739
743
749
753
756
758
759
764
766
772
782
809
811
821
826
829
830
845
852
853
865
872
885
886
892
921
926
928
940
943
944
972
983
991
1024
1030
1033
1039
1049
1052
1067
1079

22
28
29
38
48
49
52
61
63
68
72
76
82
85
91
111
113
132
145
154
175
176
187
195
196
201
203
204
207
229
248
262
265
275
284
287
289
296
327
328
343
349
372
381
389
395
398
400
406
414
416
437
439
440
451
459
464
478
480
484
491
493
520
523
566
583
584
641
645
654
657
664
690
695
700
707
710
724
727
735
736
737
740
746
747
783
792
795
796
807
808
818
819
867
868
875
876
879
902
904
922
924
942
966
970
971
985
994
996
997
1001
1004
1011
1012
1015
1016
1045
1056
1063
1086

